STATIONS_ID;MESS_DATUM;QN_592;ATMO_STRAHL;FD_STRAHL;FG_STRAHL;SD_STRAHL;eor
      15000;20230101;    1;     -999;   148.00;   148.00;    0.0;eor
      15000;20230102;    1;     -999;   107.00;   107.00;    0.0;eor
      15000;20230103;    1;     -999;   192.00;   291.00;    2.7;eor
      15000;20230104;    1;     -999;    78.00;    78.00;    0.0;eor
      15000;20230105;    1;     -999;   166.00;   167.00;    0.1;eor
      15000;20230106;    1;     -999;   107.00;   108.00;    0.0;eor
      15000;20230107;    1;     -999;   225.00;   484.00;    6.3;eor
      15000;20230108;    1;     -999;   238.00;   356.00;    2.8;eor
      15000;20230109;    1;     -999;   129.00;   132.00;    0.1;eor
      15000;20230110;    1;     -999;   248.00;   306.00;    2.3;eor
      15000;20230111;    1;     -999;   196.00;   277.00;    1.5;eor
      15000;20230112;    1;     -999;    75.00;    75.00;    0.0;eor
      15000;20230113;    1;     -999;   152.00;   156.00;    0.2;eor
      15000;20230114;    1;     -999;    75.00;    75.00;    0.0;eor
      15000;20230115;    1;     -999;   161.00;   197.00;    0.8;eor
      15000;20230116;    1;     -999;   192.00;   230.00;    0.8;eor
      15000;20230117;    1;     -999;   195.00;   574.00;    7.2;eor
      15000;20230118;    1;     -999;   214.00;   536.00;    5.9;eor
      15000;20230119;    1;     -999;   107.00;   107.00;    0.0;eor
      15000;20230120;    1;     -999;   133.00;   133.00;    0.0;eor
      15000;20230121;    1;     -999;   280.00;   306.00;    1.0;eor
      15000;20230122;    1;     -999;   213.00;   213.00;    0.0;eor
      15000;20230123;    1;     -999;   260.00;   260.00;    0.0;eor
      15000;20230124;    1;     -999;   233.00;   233.00;    0.0;eor
      15000;20230125;    1;     -999;   183.00;   183.00;    0.0;eor
      15000;20230126;    1;     -999;   199.00;   199.00;    0.0;eor
      15000;20230127;    1;     -999;    56.00;    56.00;    0.0;eor
      15000;20230128;    1;     -999;   205.00;   248.00;    1.5;eor
      15000;20230129;    1;     -999;   272.00;   273.00;    0.0;eor
      15000;20230130;    1;     -999;   204.00;   256.00;    1.1;eor
      15000;20230131;    1;     -999;   194.00;   194.00;    0.0;eor
      15000;20230201;    1;     -999;   239.00;   289.00;    1.3;eor
      15000;20230202;    1;     -999;   215.00;   226.00;    0.3;eor
      15000;20230203;    1;     -999;    73.00;    73.00;    0.0;eor
      15000;20230204;    1;     -999;   366.00;   407.00;    0.8;eor
      15000;20230205;    1;     -999;   165.00;   165.00;    0.0;eor
      15000;20230206;    1;     -999;   339.00;   521.00;    2.9;eor
      15000;20230207;    1;     -999;   234.00;   794.00;    8.3;eor
      15000;20230208;    1;     -999;   166.00;   897.00;    8.5;eor
      15000;20230209;    1;     -999;   450.00;   792.00;    7.4;eor
      15000;20230210;    1;     -999;   441.00;   646.00;    4.2;eor
      15000;20230211;    1;     -999;    94.00;    94.00;    0.0;eor
      15000;20230212;    1;     -999;   250.00;   250.00;    0.0;eor
      15000;20230213;    1;     -999;   176.00;   990.00;    8.8;eor
      15000;20230214;    1;     -999;   211.00;   985.00;    8.8;eor
      15000;20230215;    1;     -999;   346.00;   906.00;    6.9;eor
      15000;20230216;    1;     -999;   450.00;   519.00;    2.0;eor
      15000;20230217;    1;     -999;   388.00;   454.00;    1.2;eor
      15000;20230218;    1;     -999;   157.00;   158.00;    0.0;eor
      15000;20230219;    1;     -999;   242.00;   243.00;    0.0;eor
      15000;20230220;    1;     -999;   451.00;   580.00;    2.6;eor
      15000;20230221;    1;     -999;   368.00;   797.00;    5.6;eor
      15000;20230222;    1;     -999;   554.00;   743.00;    4.3;eor
      15000;20230223;    1;     -999;   142.00;   146.00;    0.1;eor
      15000;20230224;    1;     -999;   304.00;   320.00;    0.4;eor
      15000;20230225;    1;     -999;   448.00;   661.00;    3.0;eor
      15000;20230226;    1;     -999;   400.00;  1082.00;    8.0;eor
      15000;20230227;    1;     -999;   290.00;  1203.00;    9.1;eor
      15000;20230228;    1;     -999;   293.00;  1258.00;    9.5;eor
      15000;20230301;    1;     -999;   293.00;  1229.00;    9.9;eor
      15000;20230302;    1;     -999;   270.00;  1285.00;    9.8;eor
      15000;20230303;    1;     -999;   352.00;   361.00;    0.7;eor
      15000;20230304;    1;     -999;   352.00;   358.00;    0.1;eor
      15000;20230305;    1;     -999;   290.00;   291.00;    0.0;eor
      15000;20230306;    1;     -999;   375.00;   378.00;    0.1;eor
      15000;20230307;    1;     -999;   181.00;   181.00;    0.0;eor
      15000;20230308;    1;     -999;   695.00;   696.00;    0.0;eor
      15000;20230309;    1;     -999;   447.00;   458.00;    0.2;eor
      15000;20230310;    1;     -999;   387.00;   429.00;    1.0;eor
      15000;20230311;    1;     -999;   589.00;  1360.00;    8.5;eor
      15000;20230312;    1;     -999;   522.00;   550.00;    0.5;eor
      15000;20230313;    1;     -999;   559.00;   633.00;    1.0;eor
      15000;20230314;    1;     -999;   325.00;   334.00;    0.2;eor
      15000;20230315;    1;     -999;   640.00;  1100.00;    4.1;eor
      15000;20230316;    1;     -999;   744.00;  1158.00;    5.4;eor
      15000;20230317;    1;     -999;   767.00;  1052.00;    4.0;eor
      15000;20230318;    1;     -999;   575.00;  1197.00;    6.8;eor
      15000;20230319;    1;     -999;   785.00;   909.00;    1.3;eor
      15000;20230320;    1;     -999;   645.00;   648.00;    0.0;eor
      15000;20230321;    1;     -999;   678.00;   857.00;    2.2;eor
      15000;20230322;    1;     -999;   721.00;   765.00;    0.5;eor
      15000;20230323;    1;     -999;   725.00;   792.00;    1.5;eor
      15000;20230324;    1;     -999;   659.00;  1209.00;    5.3;eor
      15000;20230325;    1;     -999;   693.00;   941.00;    2.6;eor
      15000;20230326;    1;     -999;   382.00;   382.00;    0.0;eor
      15000;20230327;    1;     -999;   679.00;  1133.00;    4.1;eor
      15000;20230328;    1;     -999;   931.00;  1382.00;    6.6;eor
      15000;20230329;    1;     -999;   782.00;   840.00;    0.7;eor
      15000;20230330;    1;     -999;   614.00;  1193.00;    4.4;eor
      15000;20230331;    1;     -999;   854.00;   999.00;    2.2;eor
      15000;20230401;    1;     -999;   382.00;   382.00;    0.0;eor
      15000;20230402;    1;     -999;   287.00;   287.00;    0.0;eor
      15000;20230403;    1;     -999;   348.00;  2056.00;   11.8;eor
      15000;20230404;    1;     -999;   442.00;  2092.00;   11.4;eor
      15000;20230405;    1;     -999;   441.00;  2079.00;   12.0;eor
      15000;20230406;    1;     -999;   737.00;   741.00;    0.0;eor
      15000;20230407;    1;     -999;   560.00;   562.00;    0.1;eor
      15000;20230408;    1;     -999;   974.00;  1165.00;    1.5;eor
      15000;20230409;    1;     -999;   858.00;  1707.00;    8.7;eor
      15000;20230410;    1;     -999;  1086.00;  1280.00;    3.4;eor
      15000;20230411;    1;     -999;   782.00;  1370.00;    4.4;eor
      15000;20230412;    1;     -999;   786.00;  1083.00;    3.0;eor
      15000;20230413;    1;     -999;   857.00;  1635.00;    6.4;eor
      15000;20230414;    1;     -999;   759.00;  1706.00;    7.1;eor
      15000;20230415;    1;     -999;   926.00;  1438.00;    5.9;eor
      15000;20230416;    1;     -999;   456.00;   460.00;    0.1;eor
      15000;20230417;    1;     -999;   699.00;  1004.00;    4.2;eor
      15000;20230418;    1;     -999;  1063.00;  1691.00;    6.7;eor
      15000;20230419;    1;     -999;   637.00;  2143.00;   10.0;eor
      15000;20230420;    1;     -999;   740.00;  1150.00;    3.7;eor
      15000;20230421;    1;     -999;   579.00;  2101.00;   10.2;eor
      15000;20230422;    1;     -999;   822.00;  1228.00;    4.3;eor
      15000;20230423;    1;     -999;   919.00;  1344.00;    4.4;eor
      15000;20230424;    1;     -999;   768.00;   876.00;    0.9;eor
      15000;20230425;    1;     -999;   872.00;  1020.00;    1.5;eor
      15000;20230426;    1;     -999;  1318.00;  2114.00;    8.4;eor
      15000;20230427;    1;     -999;  1061.00;  2068.00;   10.7;eor
      15000;20230428;    1;     -999;   782.00;  1439.00;    3.3;eor
      15000;20230429;    1;     -999;   683.00;   691.00;    0.1;eor
      15000;20230430;    1;     -999;   742.00;  2365.00;   11.9;eor
      15000;20230501;    1;     -999;  1082.00;  1273.00;    2.0;eor
      15000;20230502;    1;     -999;  1069.00;  1565.00;    5.0;eor
      15000;20230503;    1;     -999;   594.00;  2616.00;   13.3;eor
      15000;20230504;    1;     -999;   871.00;  2495.00;   12.0;eor
      15000;20230505;    1;     -999;  1179.00;  1611.00;    5.5;eor
      15000;20230506;    1;     -999;   944.00;  1493.00;    5.5;eor
      15000;20230507;    1;     -999;   989.00;  1089.00;    0.8;eor
      15000;20230508;    1;     -999;  1212.00;  1389.00;    1.8;eor
      15000;20230509;    1;     -999;   973.00;  1035.00;    1.3;eor
      15000;20230510;    1;     -999;   984.00;  1134.00;    2.2;eor
      15000;20230511;    1;     -999;  1187.00;  1230.00;    0.4;eor
      15000;20230512;    1;     -999;  1220.00;  1400.00;    1.4;eor
      15000;20230513;    1;     -999;   849.00;  2262.00;    8.9;eor
      15000;20230514;    1;     -999;  1174.00;  1998.00;    6.2;eor
      15000;20230515;    1;     -999;   952.00;  2012.00;    6.0;eor
      15000;20230516;    1;     -999;  1087.00;  1836.00;    4.3;eor
      15000;20230517;    1;     -999;  1041.00;  2194.00;    7.7;eor
      15000;20230518;    1;     -999;  1004.00;  2608.00;   11.9;eor
      15000;20230519;    1;     -999;   704.00;  2860.00;   14.2;eor
      15000;20230520;    1;     -999;  1065.00;  2253.00;    8.5;eor
      15000;20230521;    1;     -999;  1313.00;  2230.00;    7.3;eor
      15000;20230522;    1;     -999;  1027.00;  1069.00;    0.9;eor
      15000;20230523;    1;     -999;  1043.00;  1257.00;    2.9;eor
      15000;20230524;    1;     -999;  1191.00;  1704.00;    5.4;eor
      15000;20230525;    1;     -999;  1225.00;  2450.00;   11.0;eor
      15000;20230526;    1;     -999;  1178.00;  2042.00;    7.5;eor
      15000;20230527;    1;     -999;   686.00;  3005.00;   14.7;eor
      15000;20230528;    1;     -999;   952.00;  2701.00;   11.8;eor
      15000;20230529;    1;     -999;  1115.00;  2678.00;   14.5;eor
      15000;20230530;    1;     -999;   715.00;  2953.00;   14.8;eor
      15000;20230531;    1;     -999;   600.00;  3053.00;   14.9;eor
      15000;20230601;    1;     -999;   781.00;  2507.00;    9.4;eor
      15000;20230602;    1;     -999;  1023.00;  2388.00;    8.6;eor
      15000;20230603;    1;     -999;   587.00;  3085.00;   15.1;eor
      15000;20230604;    1;     -999;   604.00;  3065.00;   15.1;eor
      15000;20230605;    1;     -999;   685.00;  2992.00;   15.0;eor
      15000;20230606;    1;     -999;   823.00;  2960.00;   13.8;eor
      15000;20230607;    1;     -999;  1249.00;  1532.00;    2.8;eor
      15000;20230608;    1;     -999;  1010.00;  2690.00;   12.4;eor
      15000;20230609;    1;     -999;   641.00;  3002.00;   14.9;eor
      15000;20230610;    1;     -999;   726.00;  2949.00;   14.7;eor
      15000;20230611;    1;     -999;   655.00;  3053.00;   15.1;eor
      15000;20230612;    1;     -999;   842.00;  2772.00;   14.0;eor
      15000;20230613;    1;     -999;   614.00;  3123.00;   15.2;eor
      15000;20230614;    1;     -999;   558.00;  3138.00;   15.3;eor
      15000;20230615;    1;     -999;   723.00;  2852.00;   12.8;eor
      15000;20230616;    1;     -999;   765.00;  2925.00;   14.2;eor
      15000;20230617;    1;     -999;  1058.00;  2746.00;   11.5;eor
      15000;20230618;    1;     -999;  1329.00;  1451.00;    1.8;eor
      15000;20230619;    1;     -999;  1117.00;  2569.00;    9.1;eor
      15000;20230620;    1;     -999;   922.00;  2226.00;    8.1;eor
      15000;20230621;    1;     -999;  1220.00;  2292.00;    9.4;eor
      15000;20230622;    1;     -999;   802.00;   939.00;    1.4;eor
      15000;20230623;    1;     -999;  1085.00;  2550.00;    9.5;eor
      15000;20230624;    1;     -999;   488.00;  3163.00;   15.2;eor
      15000;20230625;    1;     -999;   673.00;  2946.00;   14.8;eor
      15000;20230626;    1;     -999;  1230.00;  2265.00;    7.0;eor
      15000;20230627;    1;     -999;  1458.00;  1997.00;    6.4;eor
      15000;20230628;    1;     -999;  1265.00;  1323.00;    0.5;eor
      15000;20230629;    1;     -999;  1277.00;  1358.00;    1.2;eor
      15000;20230630;    1;     -999;  1186.00;  2618.00;   10.5;eor
      15000;20230701;    1;     -999;  1094.00;  1313.00;    1.1;eor
      15000;20230702;    1;     -999;  1408.00;  1728.00;    3.1;eor
      15000;20230703;    1;     -999;  1207.00;  2069.00;    7.5;eor
      15000;20230704;    1;     -999;  1211.00;  1829.00;    4.8;eor
      15000;20230705;    1;     -999;  1170.00;  1780.00;    4.7;eor
      15000;20230706;    1;     -999;   769.00;  2814.00;   13.9;eor
      15000;20230707;    1;     -999;   607.00;  2998.00;   13.1;eor
      15000;20230708;    1;     -999;   950.00;  2497.00;   10.8;eor
      15000;20230709;    1;     -999;   886.00;  1835.00;    8.7;eor
      15000;20230710;    1;     -999;   806.00;  2711.00;   10.8;eor
      15000;20230711;    1;     -999;   638.00;  2949.00;   13.4;eor
      15000;20230712;    1;     -999;   996.00;  2422.00;    7.7;eor
      15000;20230713;    1;     -999;  1313.00;  1783.00;    4.4;eor
      15000;20230714;    1;     -999;  1432.00;  2238.00;    9.4;eor
      15000;20230715;    1;     -999;  1024.00;  1709.00;    6.1;eor
      15000;20230716;    1;     -999;  1203.00;  2243.00;    8.7;eor
      15000;20230717;    1;     -999;  1085.00;  2175.00;   10.3;eor
      15000;20230718;    1;     -999;  1042.00;  2552.00;   12.3;eor
      15000;20230719;    1;     -999;  1291.00;  1801.00;    3.6;eor
      15000;20230720;    1;     -999;  1278.00;  2173.00;    6.0;eor
      15000;20230721;    1;     -999;  1103.00;  1478.00;    4.5;eor
      15000;20230722;    1;     -999;  1266.00;  2164.00;    7.5;eor
      15000;20230723;    1;     -999;   981.00;   985.00;    0.1;eor
      15000;20230724;    1;     -999;  1014.00;  1292.00;    2.6;eor
      15000;20230725;    1;     -999;  1326.00;  1520.00;    2.3;eor
      15000;20230726;    1;     -999;  1153.00;  1816.00;    4.7;eor
      15000;20230727;    1;     -999;   702.00;   703.00;    0.0;eor
      15000;20230728;    1;     -999;  1040.00;  1240.00;    2.2;eor
      15000;20230729;    1;     -999;   973.00;  1396.00;    4.0;eor
      15000;20230730;    1;     -999;  1032.00;  1511.00;    3.2;eor
      15000;20230731;    1;     -999;   722.00;   729.00;    0.1;eor
      15000;20230801;    1;     -999;   875.00;  1286.00;    2.5;eor
      15000;20230802;    1;     -999;   962.00;  1459.00;    3.1;eor
      15000;20230803;    1;     -999;  1006.00;  1113.00;    0.7;eor
      15000;20230804;    1;     -999;  1153.00;  1435.00;    2.4;eor
      15000;20230805;    1;     -999;  1147.00;  1278.00;    2.4;eor
      15000;20230806;    1;     -999;   464.00;   465.00;    0.0;eor
      15000;20230807;    1;     -999;  1018.00;  1531.00;    4.1;eor
      15000;20230808;    1;     -999;  1040.00;  1118.00;    1.8;eor
      15000;20230809;    1;     -999;   888.00;  2193.00;    9.9;eor
      15000;20230810;    1;     -999;   386.00;  2593.00;   13.0;eor
      15000;20230811;    1;     -999;   717.00;  2330.00;   11.5;eor
      15000;20230812;    1;     -999;  1021.00;  1386.00;    3.7;eor
      15000;20230813;    1;     -999;  1098.00;  1900.00;    8.9;eor
      15000;20230814;    1;     -999;   890.00;  1923.00;    8.0;eor
      15000;20230815;    1;     -999;   989.00;  1659.00;    7.1;eor
      15000;20230816;    1;     -999;   971.00;  1019.00;    0.7;eor
      15000;20230817;    1;     -999;   760.00;   761.00;    0.0;eor
      15000;20230818;    1;     -999;   863.00;  1894.00;    7.8;eor
      15000;20230819;    1;     -999;   868.00;  1127.00;    3.3;eor
      15000;20230820;    1;     -999;   771.00;  2206.00;   11.1;eor
      15000;20230821;    1;     -999;   834.00;  2228.00;   12.5;eor
      15000;20230822;    1;     -999;  1149.00;  1836.00;    8.1;eor
      15000;20230823;    1;     -999;   585.00;  2182.00;   12.8;eor
      15000;20230824;    1;     -999;   603.00;   862.00;    4.1;eor
      15000;20230825;    1;     -999;   625.00;   750.00;    1.3;eor
      15000;20230826;    1;     -999;   744.00;  1892.00;    9.1;eor
      15000;20230827;    1;     -999;   915.00;  1533.00;    5.6;eor
      15000;20230828;    1;     -999;  1004.00;  1146.00;    2.8;eor
      15000;20230829;    1;     -999;  1049.00;  1398.00;    3.0;eor
      15000;20230830;    1;     -999;   795.00;   912.00;    2.6;eor
      15000;20230831;    1;     -999;     -999;     -999;-999;eor
      15000;20230901;    1;  3213.00;   570.00;   849.00;    3.5;eor
      15000;20230902;    1;  3024.00;   731.00;  1720.00;    7.7;eor
      15000;20230903;    1;  2843.00;   924.00;  1810.00;    9.6;eor
      15000;20230904;    1;  2837.00;   431.00;  2040.00;   12.5;eor
      15000;20230905;    1;  2954.00;   216.00;  2065.00;   12.7;eor
      15000;20230906;    1;  2936.00;   225.00;  2071.00;   12.7;eor
      15000;20230907;    1;  2927.00;   267.00;  2028.00;   12.6;eor
      15000;20230908;    1;  3095.00;   337.00;  1933.00;   12.4;eor
      15000;20230909;    1;  3198.00;   394.00;  1866.00;   12.1;eor
      15000;20230910;    1;  3240.00;   499.00;  1705.00;   10.7;eor
      15000;20230911;    1;  3241.00;   493.00;  1698.00;   10.0;eor
      15000;20230912;    1;  3287.00;   787.00;  1427.00;    6.7;eor
      15000;20230913;    1;  3193.00;   633.00;   670.00;    0.4;eor
      15000;20230914;    1;  2727.00;   597.00;  1700.00;   11.1;eor
      15000;20230915;    1;  2800.00;   505.00;  1637.00;   10.5;eor
      15000;20230916;    1;  3156.00;   527.00;  1275.00;    6.8;eor
      15000;20230917;    1;  3221.00;   628.00;  1317.00;    6.6;eor
      15000;20230918;    1;  3046.00;   488.00;  1283.00;    6.0;eor
      15000;20230919;    1;  2929.00;   815.00;  1192.00;    5.5;eor
      15000;20230920;    1;  2956.00;   727.00;  1257.00;    6.3;eor
      15000;20230921;    1;  3114.00;   388.00;   393.00;    0.3;eor
      15000;20230922;    1;  2819.00;   494.00;  1203.00;    5.8;eor
      15000;20230923;    1;  2719.00;   686.00;  1281.00;    6.4;eor
      15000;20230924;    1;  2502.00;   220.00;  1660.00;   11.5;eor
      15000;20230925;    1;  2698.00;   525.00;  1525.00;   11.1;eor
      15000;20230926;    1;  2864.00;   467.00;  1421.00;    8.3;eor
      15000;20230927;    1;  2933.00;   624.00;  1302.00;    7.1;eor
      15000;20230928;    1;  3072.00;   666.00;   881.00;    4.3;eor
      15000;20230929;    1;  3222.00;   625.00;   794.00;    2.7;eor
      15000;20230930;    1;  2623.00;   622.00;  1300.00;    8.6;eor
      15000;20231001;    1;  2873.00;   252.00;  1443.00;   11.0;eor
      15000;20231002;    1;  2993.00;   560.00;  1257.00;    9.9;eor
      15000;20231003;    1;  2945.00;   373.00;   543.00;    2.9;eor
      15000;20231004;    1;  2707.00;   644.00;   859.00;    4.3;eor
      15000;20231005;    1;  2820.00;   537.00;   720.00;    3.9;eor
      15000;20231006;    1;  2650.00;   557.00;  1162.00;    9.5;eor
      15000;20231007;    1;  2953.00;   386.00;  1120.00;    7.1;eor
      15000;20231008;    1;  2919.00;   602.00;  1167.00;    7.7;eor
      15000;20231009;    1;  2957.00;   620.00;   731.00;    2.8;eor
      15000;20231010;    1;  2864.00;   459.00;  1091.00;    9.2;eor
      15000;20231011;    1;  2948.00;   518.00;  1053.00;    8.5;eor
      15000;20231012;    1;  3243.00;   421.00;   451.00;    0.6;eor
      15000;20231013;    1;  3279.00;   458.00;   638.00;    2.4;eor
      15000;20231014;    1;     -999;   415.00;   904.00;    6.0;eor
      15000;20231015;    1;  2477.00;   458.00;   731.00;    3.6;eor
      15000;20231016;    1;  2406.00;   507.00;   920.00;    5.5;eor
      15000;20231017;    1;  2440.00;   306.00;   969.00;    6.5;eor
      15000;20231018;    1;     -999;   528.00;   789.00;    3.8;eor
      15000;20231019;    1;  3055.00;   402.00;   497.00;    2.0;eor
      15000;20231020;    1;  3110.00;   188.00;   191.00;    0.0;eor
      15000;20231021;    1;  2784.00;   347.00;   881.00;    7.7;eor
      15000;20231022;    1;  2994.00;   341.00;   407.00;    1.1;eor
      15000;20231023;    1;  2784.00;   430.00;   478.00;    2.4;eor
      15000;20231024;    1;     -999;   273.00;   449.00;    2.4;eor
      15000;20231025;    1;  2999.00;   143.00;   148.00;    0.1;eor
      15000;20231026;    1;  2908.00;   355.00;   374.00;    0.6;eor
      15000;20231027;    1;  2919.00;   342.00;   388.00;    1.5;eor
      15000;20231028;    1;  2891.00;   350.00;   596.00;    3.0;eor
      15000;20231029;    1;  2791.00;   322.00;   406.00;    2.3;eor
      15000;20231030;    1;  2977.00;   263.00;   269.00;    0.2;eor
      15000;20231031;    1;  2922.00;   380.00;   494.00;    1.9;eor
      15000;20231101;    1;  2870.00;   390.00;   424.00;    0.6;eor
      15000;20231102;    1;  2770.00;   295.00;   481.00;    2.8;eor
      15000;20231103;    1;     -999;   373.00;   669.00;    5.5;eor
      15000;20231104;    1;  2697.00;   277.00;   299.00;    0.9;eor
      15000;20231105;    1;  2897.00;   196.00;   198.00;    0.3;eor
      15000;20231106;    1;  2656.00;   317.00;   518.00;    3.9;eor
      15000;20231107;    1;  2744.00;   371.00;   436.00;    1.6;eor
      15000;20231108;    1;  2750.00;   376.00;   550.00;    3.1;eor
      15000;20231109;    1;     -999;   322.00;   400.00;    2.1;eor
      15000;20231110;    1;  2818.00;   246.00;   279.00;    1.0;eor
      15000;20231111;    1;     -999;   295.00;   388.00;    1.7;eor
      15000;20231112;    1;     -999;   301.00;   428.00;    1.9;eor
      15000;20231113;    1;  2960.00;   106.00;   106.00;    0.0;eor
      15000;20231114;    1;  2967.00;   136.00;   136.00;    0.0;eor
      15000;20231115;    1;     -999;   268.00;   333.00;    1.8;eor
      15000;20231116;    1;  2683.00;   168.00;   171.00;    0.1;eor
      15000;20231117;    1;     -999;   165.00;   189.00;    0.8;eor
      15000;20231118;    1;  2903.00;   112.00;   112.00;    0.0;eor
      15000;20231119;    1;  2915.00;   295.00;   457.00;    4.1;eor
      15000;20231120;    1;  2920.00;   203.00;   225.00;    0.4;eor
      15000;20231121;    1;  2984.00;   203.00;   204.00;    0.0;eor
      15000;20231122;    1;  2591.00;   296.00;   409.00;    3.3;eor
      15000;20231123;    1;  3049.00;   108.00;   108.00;    0.0;eor
      15000;20231124;    1;  2741.00;   163.00;   182.00;    0.4;eor
      15000;20231125;    1;     -999;   189.00;   196.00;    0.2;eor
      15000;20231126;    1;  2789.00;   112.00;   112.00;    0.0;eor
      15000;20231127;    1;  2848.00;    82.00;    84.00;    0.0;eor
      15000;20231128;    1;  2412.00;   184.00;   232.00;    1.0;eor
      15000;20231129;    1;     -999;   150.00;   154.00;    0.1;eor
      15000;20231130;    1;  2626.00;   263.00;   281.00;    0.4;eor
      15000;20231201;    1;  2607.00;   106.00;   106.00;    0.0;eor
      15000;20231202;    1;  2263.00;   183.00;   454.00;    5.7;eor
      15000;20231203;    1;  2345.00;   249.00;   325.00;    3.6;eor
      15000;20231204;    1;  2707.00;   142.00;   142.00;    0.0;eor
      15000;20231205;    1;  2893.00;    92.00;    92.00;    0.0;eor
      15000;20231206;    1;  2592.00;   181.00;   223.00;    1.1;eor
      15000;20231207;    1;  2256.00;   156.00;   357.00;    5.1;eor
      15000;20231208;    1;  2880.00;    83.00;    84.00;    0.0;eor
      15000;20231209;    1;  2742.00;   128.00;   129.00;    0.0;eor
      15000;20231210;    1;  2843.00;   195.00;   204.00;    0.2;eor
      15000;20231211;    1;  2938.00;   147.00;   155.00;    0.2;eor
      15000;20231212;    1;     -999;     -999;     -999;-999;eor
      15000;20231213;    1;  2830.00;   229.00;   247.00;    0.6;eor
      15000;20231214;    1;  2841.00;    87.00;    88.00;    0.0;eor
      15000;20231215;    1;  2875.00;   145.00;   145.00;    0.0;eor
      15000;20231216;    1;     -999;   177.00;   182.00;    0.6;eor
      15000;20231217;    1;     -999;   143.00;   395.00;    5.2;eor
      15000;20231218;    1;     -999;   152.00;   426.00;    5.7;eor
      15000;20231219;    1;  2967.00;    43.00;    46.00;    0.0;eor
      15000;20231220;    1;  2878.00;    91.00;    92.00;    0.1;eor
      15000;20231221;    1;  2980.00;    62.00;    62.00;    0.0;eor
      15000;20231222;    1;  2940.00;    58.00;    58.00;    0.0;eor
      15000;20231223;    1;  3000.00;    69.00;    69.00;    0.0;eor
      15000;20231224;    1;  3105.00;    57.00;    58.00;    0.0;eor
      15000;20231225;    1;  3142.00;    78.00;    79.00;    0.0;eor
      15000;20231226;    1;  2650.00;   212.00;   272.00;    1.5;eor
      15000;20231227;    1;  2700.00;   181.00;   183.00;    0.0;eor
      15000;20231228;    1;     -999;   260.00;   334.00;    1.9;eor
      15000;20231229;    1;  2927.00;   123.00;   123.00;    0.0;eor
      15000;20231230;    1;     -999;   228.00;   355.00;    3.7;eor
      15000;20231231;    1;     -999;   147.00;   150.00;    0.2;eor
      15000;20240101;    1;  2746.00;   190.00;   193.00;    0.0;eor
      15000;20240102;    1;  3028.00;    75.00;    75.00;    0.0;eor
      15000;20240103;    1;  2863.00;   145.00;   149.00;    0.1;eor
      15000;20240104;    1;  2821.00;   182.00;   187.00;    0.3;eor
      15000;20240105;    1;  2709.00;   172.00;   199.00;    0.9;eor
      15000;20240106;    1;  2849.00;    54.00;    56.00;    0.0;eor
      15000;20240107;    1;  2574.00;    48.00;    50.00;    0.0;eor
      15000;20240108;    1;  2184.00;   219.00;   227.00;    0.2;eor
      15000;20240109;    1;  1686.00;   110.00;   505.00;    7.4;eor
      15000;20240110;    1;  1908.00;   258.00;   381.00;    4.3;eor
      15000;20240111;    1;  2060.00;   122.00;   493.00;    7.4;eor
      15000;20240112;    1;  2697.00;    91.00;    91.00;    0.0;eor
      15000;20240113;    1;  2714.00;    71.00;    71.00;    0.0;eor
      15000;20240114;    1;  2655.00;   155.00;   156.00;    0.0;eor
      15000;20240115;    1;  2664.00;   201.00;   203.00;    0.1;eor
      15000;20240116;    1;  2103.00;   230.00;   539.00;    5.5;eor
      15000;20240117;    1;  2479.00;   114.00;   115.00;    0.0;eor
      15000;20240118;    1;  2368.00;   346.00;   497.00;    3.2;eor
      15000;20240119;    1;  2125.00;   254.00;   581.00;    7.1;eor
      15000;20240120;    1;  1935.00;   166.00;   604.00;    7.0;eor
      15000;20240121;    1;     -999;   348.00;   374.00;    0.6;eor
      15000;20240122;    1;     -999;   225.00;   293.00;    1.4;eor
      15000;20240123;    1;  2742.00;   251.00;   344.00;    2.8;eor
      15000;20240124;    1;  2886.00;   264.00;   286.00;    0.5;eor
      15000;20240125;    1;  2796.00;   307.00;   355.00;    1.3;eor
      15000;20240126;    1;  2656.00;   173.00;   353.00;    2.8;eor
      15000;20240127;    1;  2131.00;   201.00;   623.00;    7.0;eor
      15000;20240128;    1;     -999;   135.00;   677.00;    7.9;eor
      15000;20240129;    1;  2533.00;   313.00;   613.00;    6.3;eor
      15000;20240130;    1;  2868.00;   178.00;   183.00;    0.1;eor
      15000;20240131;    1;  2743.00;   173.00;   197.00;    1.0;eor
      15000;20240201;    1;     -999;   273.00;   651.00;    7.0;eor
      15000;20240202;    1;     -999;   384.00;   517.00;    3.1;eor
      15000;20240203;    1;  3071.00;   101.00;   101.00;    0.0;eor
      15000;20240204;    1;  3106.00;   114.00;   114.00;    0.0;eor
      15000;20240205;    1;  2862.00;   379.00;   514.00;    2.7;eor
      15000;20240206;    1;  2998.00;   125.00;   125.00;    0.0;eor
      15000;20240207;    1;     -999;     -999;     -999;-999;eor
      15000;20240208;    1;  2999.00;   149.00;   149.00;    0.0;eor
      15000;20240209;    1;  2917.00;   324.00;   363.00;    0.7;eor
      15000;20240210;    1;  2849.00;   399.00;   452.00;    1.6;eor
      15000;20240211;    1;  2908.00;   340.00;   342.00;    0.1;eor
      15000;20240212;    1;  2608.00;   406.00;   504.00;    2.3;eor
      15000;20240213;    1;  2481.00;   319.00;   752.00;    5.7;eor
      15000;20240214;    1;  3087.00;   267.00;   269.00;    0.0;eor
      15000;20240215;    1;  2904.00;   447.00;   488.00;    0.9;eor
      15000;20240216;    1;  3080.00;   151.00;   152.00;    0.0;eor
      15000;20240217;    1;  2875.00;   437.00;   441.00;    0.1;eor
      15000;20240218;    1;  2896.00;   223.00;   223.00;    0.0;eor
      15000;20240219;    1;  2913.00;   266.00;   290.00;    0.5;eor
      15000;20240220;    1;     -999;   515.00;   587.00;    1.4;eor
      15000;20240221;    1;  2906.00;   408.00;   429.00;    0.4;eor
      15000;20240222;    1;  2975.00;   419.00;   437.00;    0.2;eor
      15000;20240223;    1;  2488.00;   464.00;   707.00;    4.0;eor
      15000;20240224;    1;     -999;   487.00;   714.00;    3.3;eor
      15000;20240225;    1;  2521.00;   496.00;   853.00;    5.6;eor
      15000;20240226;    1;  2903.00;   213.00;   213.00;    0.0;eor
      15000;20240227;    1;  2784.00;   249.00;   249.00;    0.0;eor
      15000;20240228;    1;     -999;   551.00;  1059.00;    7.4;eor
      15000;20240229;    1;  2690.00;   455.00;   489.00;    0.5;eor
      15000;20240301;    1;     -999;   522.00;   817.00;    3.5;eor
      15000;20240302;    1;     -999;   491.00;  1101.00;    6.1;eor
      15000;20240303;    1;  2742.00;   418.00;   949.00;    4.9;eor
      15000;20240304;    1;  2739.00;   476.00;   788.00;    3.9;eor
      15000;20240305;    1;  2842.00;   439.00;   443.00;    0.0;eor
      15000;20240306;    1;     -999;     -999;     -999;-999;eor
      15000;20240307;    1;  2220.00;   497.00;  1231.00;    7.7;eor
      15000;20240308;    1;  2133.00;   292.00;  1448.00;   10.6;eor
      15000;20240309;    1;  2722.00;   670.00;   932.00;    3.9;eor
      15000;20240310;    1;  2811.00;   693.00;   817.00;    1.9;eor
      15000;20240311;    1;  2946.00;   234.00;   236.00;    0.0;eor
      15000;20240312;    1;  2962.00;   422.00;   428.00;    0.1;eor
      15000;20240313;    1;  3072.00;   337.00;   338.00;    0.0;eor
      15000;20240314;    1;     -999;   472.00;  1387.00;    7.5;eor
      15000;20240315;    1;  2936.00;   538.00;   680.00;    1.3;eor
      15000;20240316;    1;  2842.00;   482.00;   495.00;    0.2;eor
      15000;20240317;    1;  2778.00;   765.00;   925.00;    3.1;eor
      15000;20240318;    1;     -999;   679.00;   962.00;    3.4;eor
      15000;20240319;    1;  2813.00;   734.00;  1097.00;    3.6;eor
      15000;20240320;    1;  2702.00;   780.00;  1355.00;    7.2;eor
      15000;20240321;    1;  2765.00;   772.00;   897.00;    2.2;eor
      15000;20240322;    1;  2990.00;   758.00;   864.00;    1.0;eor
      15000;20240323;    1;  2668.00;   617.00;  1088.00;    5.0;eor
      15000;20240324;    1;  2623.00;   610.00;   660.00;    0.6;eor
      15000;20240325;    1;     -999;   641.00;  1622.00;    9.0;eor
      15000;20240326;    1;  2701.00;   885.00;  1106.00;    3.3;eor
      15000;20240327;    1;  2740.00;   524.00;   583.00;    0.6;eor
      15000;20240328;    1;     -999;   655.00;  1137.00;    4.1;eor
      15000;20240329;    1;  2917.00;   719.00;   804.00;    0.9;eor
      15000;20240330;    1;     -999;   596.00;   623.00;    0.5;eor
      15000;20240331;    1;     -999;   739.00;   999.00;    2.9;eor
      15000;20240401;    1;     -999;   667.00;   737.00;    1.5;eor
      15000;20240402;    1;     -999;   738.00;   788.00;    1.0;eor
      15000;20240403;    1;  2845.00;   768.00;   930.00;    1.5;eor
      15000;20240404;    1;  2890.00;   500.00;   941.00;    3.1;eor
      15000;20240405;    1;  3057.00;   701.00;   733.00;    0.2;eor
      15000;20240406;    1;  2804.00;   936.00;  1721.00;    8.4;eor
      15000;20240407;    1;  3116.00;   996.00;  1260.00;    2.9;eor
      15000;20240408;    1;  3049.00;   748.00;  1273.00;    7.9;eor
      15000;20240409;    1;  2915.00;   916.00;  1230.00;    3.2;eor
      15000;20240410;    1;  2436.00;   649.00;  1965.00;   10.4;eor
      15000;20240411;    1;  3015.00;   843.00;   963.00;    1.3;eor
      15000;20240412;    1;  3093.00;   980.00;  1083.00;    1.5;eor
      15000;20240413;    1;  2849.00;   890.00;  1984.00;   11.9;eor
      15000;20240414;    1;  2796.00;  1086.00;  1538.00;    5.0;eor
      15000;20240415;    1;     -999;   804.00;  1167.00;    4.5;eor
      15000;20240416;    1;  2820.00;   558.00;   636.00;    0.6;eor
      15000;20240417;    1;     -999;   751.00;  1010.00;    1.8;eor
      15000;20240418;    1;  2643.00;   923.00;  1444.00;    3.3;eor
      15000;20240419;    1;     -999;     -999;     -999;-999;eor
      15000;20240420;    1;  2822.00;   788.00;   905.00;    0.7;eor
      15000;20240421;    1;     -999;   881.00;  1418.00;    4.9;eor
      15000;20240422;    1;     -999;     -999;     -999;-999;eor
      15000;20240423;    1;     -999;   831.00;  1976.00;    9.0;eor
      15000;20240424;    1;  2651.00;   994.00;  1518.00;    3.8;eor
      15000;20240425;    1;  2705.00;   963.00;  1109.00;    1.4;eor
      15000;20240426;    1;  2760.00;  1206.00;  1373.00;    1.9;eor
      15000;20240427;    1;  2906.00;   987.00;  1234.00;    2.2;eor
      15000;20240428;    1;  2773.00;  1081.00;  1553.00;    4.7;eor
      15000;20240429;    1;  2757.00;   981.00;  1837.00;    7.2;eor
      15000;20240430;    1;  2953.00;  1092.00;  2143.00;    9.1;eor
      15000;20240501;    1;  2922.00;   980.00;  2183.00;    8.9;eor
      15000;20240502;    1;  3032.00;   998.00;  1555.00;    6.4;eor
      15000;20240503;    1;  2861.00;   929.00;  1385.00;    5.2;eor
      15000;20240504;    1;  2848.00;   882.00;  1052.00;    2.0;eor
      15000;20240505;    1;  2915.00;  1036.00;  1834.00;    5.6;eor
      15000;20240506;    1;  3189.00;   657.00;   669.00;    0.0;eor
      15000;20240507;    1;  2972.00;   893.00;  1643.00;    4.7;eor
      15000;20240508;    1;  2939.00;   733.00;   871.00;    2.7;eor
      15000;20240509;    1;  2677.00;   972.00;  2297.00;    9.5;eor
      15000;20240510;    1;  2707.00;   952.00;  2524.00;   12.7;eor
      15000;20240511;    1;  2751.00;   739.00;  2626.00;   13.8;eor
      15000;20240512;    1;  2868.00;   874.00;  2468.00;   12.5;eor
      15000;20240513;    1;  3037.00;  1122.00;  1767.00;    7.3;eor
      15000;20240514;    1;  3034.00;   688.00;  2058.00;    8.6;eor
      15000;20240515;    1;  3188.00;   548.00;   562.00;    0.4;eor
      15000;20240516;    1;  3042.00;  1025.00;  1539.00;    4.9;eor
      15000;20240517;    1;  3297.00;   300.00;   308.00;    0.0;eor
      15000;20240518;    1;  3137.00;   986.00;  1410.00;    2.7;eor
      15000;20240519;    1;  3070.00;  1180.00;  1547.00;    3.4;eor
      15000;20240520;    1;  2945.00;  1231.00;  2142.00;    7.3;eor
      15000;20240521;    1;  3098.00;   932.00;  1007.00;    1.5;eor
      15000;20240522;    1;  2992.00;   979.00;  1491.00;    3.8;eor
      15000;20240523;    1;  2882.00;  1161.00;  2287.00;    9.3;eor
      15000;20240524;    1;  3197.00;   488.00;   501.00;    0.0;eor
      15000;20240525;    1;  3067.00;   878.00;  1274.00;    4.8;eor
      15000;20240526;    1;  2991.00;  1328.00;  1829.00;    6.0;eor
      15000;20240527;    1;  3003.00;  1064.00;  1494.00;    3.8;eor
      15000;20240528;    1;     -999;  1048.00;  1758.00;    6.3;eor
      15000;20240529;    1;  3175.00;  1178.00;  1508.00;    2.5;eor
      15000;20240530;    1;  3034.00;   862.00;  1004.00;    1.0;eor
      15000;20240531;    1;  3108.00;  1202.00;  1504.00;    3.2;eor
      15000;20240601;    1;  3334.00;   574.00;   596.00;    0.1;eor
      15000;20240602;    1;  3130.00;   774.00;   805.00;    0.7;eor
      15000;20240603;    1;  3036.00;  1162.00;  1251.00;    0.6;eor
      15000;20240604;    1;  3113.00;  1453.00;  1999.00;    4.9;eor
      15000;20240605;    1;  2998.00;  1133.00;  1502.00;    3.8;eor
      15000;20240606;    1;     -999;   852.00;  2871.00;   12.0;eor
      15000;20240607;    1;  2632.00;   867.00;  2869.00;   14.0;eor
      15000;20240608;    1;  2668.00;   616.00;  2916.00;   12.9;eor
      15000;20240609;    1;     -999;   554.00;  3111.00;   15.6;eor
      15000;20240610;    1;  2917.00;   824.00;   915.00;    0.8;eor
      15000;20240611;    1;     -999;  1115.00;  2273.00;    8.2;eor
      15000;20240612;    1;     -999;  1008.00;  1681.00;    4.7;eor
      15000;20240613;    1;  2761.00;  1123.00;  2511.00;    8.8;eor
      15000;20240614;    1;  3120.00;  1346.00;  1608.00;    2.4;eor
      15000;20240615;    1;  3002.00;  1120.00;  2209.00;    6.8;eor
      15000;20240616;    1;  3023.00;  1175.00;  1362.00;    2.5;eor
      15000;20240617;    1;  3066.00;  1352.00;  1716.00;    3.2;eor
      15000;20240618;    1;  3290.00;   998.00;  1103.00;    1.4;eor
      15000;20240619;    1;  3092.00;  1059.00;  1491.00;    5.0;eor
      15000;20240620;    1;  3131.00;   964.00;  1146.00;    2.5;eor
      15000;20240621;    1;  3264.00;   838.00;   900.00;    0.6;eor
      15000;20240622;    1;  3013.00;  1289.00;  1786.00;    3.8;eor
      15000;20240623;    1;  2854.00;   769.00;  2876.00;   14.5;eor
      15000;20240624;    1;  2965.00;   796.00;  2864.00;   14.8;eor
      15000;20240625;    1;  2999.00;   431.00;  3020.00;   15.6;eor
      15000;20240626;    1;  3159.00;   765.00;  2901.00;   14.4;eor
      15000;20240627;    1;  3237.00;   857.00;  2712.00;   12.7;eor
      15000;20240628;    1;  2819.00;   700.00;  2812.00;   12.3;eor
      15000;20240629;    1;  3068.00;  1353.00;  2344.00;    9.4;eor
      15000;20240630;    1;  3350.00;   857.00;  1008.00;    0.8;eor
      15000;20240701;    1;  3067.00;  1199.00;  1596.00;    3.3;eor
      15000;20240702;    1;  3181.00;   696.00;   724.00;    0.8;eor
      15000;20240703;    1;  3023.00;   999.00;  1071.00;    0.6;eor
      15000;20240704;    1;  2961.00;   959.00;  2166.00;    7.8;eor
      15000;20240705;    1;  3113.00;  1004.00;  1097.00;    0.9;eor
      15000;20240706;    1;  2864.00;  1214.00;  1906.00;    8.3;eor
      15000;20240707;    1;  2797.00;  1285.00;  2106.00;    7.6;eor
      15000;20240708;    1;  3044.00;   987.00;  2056.00;    6.0;eor
      15000;20240709;    1;  3194.00;   740.00;  2704.00;   12.7;eor
      15000;20240710;    1;  3242.00;  1058.00;  2210.00;    7.3;eor
      15000;20240711;    1;  3005.00;   859.00;  2665.00;   12.5;eor
      15000;20240712;    1;  3233.00;   399.00;   411.00;    0.0;eor
      15000;20240713;    1;  3030.00;  1143.00;  1410.00;    2.5;eor
      15000;20240714;    1;  2902.00;   946.00;  2236.00;    8.4;eor
      15000;20240715;    1;     -999;     -999;     -999;-999;eor
      15000;20240716;    1;  3055.00;  1001.00;  1911.00;    8.3;eor
      15000;20240717;    1;  3130.00;  1090.00;  2136.00;    7.7;eor
      15000;20240718;    1;  3135.00;  1125.00;  2225.00;    8.4;eor
      15000;20240719;    1;  3242.00;  1399.00;  1973.00;    6.6;eor
      15000;20240720;    1;  3292.00;   760.00;  2408.00;   11.8;eor
      15000;20240721;    1;  3361.00;  1050.00;  2092.00;    6.4;eor
      15000;20240722;    1;  3071.00;  1039.00;  2297.00;    9.5;eor
      15000;20240723;    1;  3319.00;  1159.00;  1566.00;    3.5;eor
      15000;20240724;    1;  3105.00;   948.00;  1868.00;    6.3;eor
      15000;20240725;    1;  3169.00;  1224.00;  2104.00;    8.7;eor
      15000;20240726;    1;  3378.00;  1177.00;  1715.00;    4.2;eor
      15000;20240727;    1;  3299.00;   451.00;   463.00;    0.0;eor
      15000;20240728;    1;  2928.00;   762.00;  2471.00;   11.4;eor
      15000;20240729;    1;  2923.00;   399.00;  2745.00;   14.7;eor
      15000;20240730;    1;  3174.00;   578.00;  2611.00;   14.0;eor
      15000;20240731;    1;  3353.00;   713.00;   863.00;    2.7;eor
      15000;20240801;    1;  3466.00;   608.00;   627.00;    0.1;eor
      15000;20240802;    1;  3130.00;  1158.00;  1918.00;    8.9;eor
      15000;20240803;    1;  3252.00;  1145.00;  1943.00;    6.5;eor
      15000;20240804;    1;  3224.00;  1218.00;  1380.00;    1.7;eor
      15000;20240805;    1;  3077.00;   846.00;  2458.00;   13.4;eor
      15000;20240806;    1;  3102.00;   653.00;  2443.00;   13.5;eor
      15000;20240807;    1;  3271.00;   725.00;  1039.00;    3.3;eor
      15000;20240808;    1;  3132.00;  1015.00;  1914.00;    6.4;eor
      15000;20240809;    1;  3327.00;   964.00;  1242.00;    3.7;eor
      15000;20240810;    1;  2960.00;   416.00;  2493.00;   13.7;eor
      15000;20240811;    1;  3089.00;   373.00;  2468.00;   14.2;eor
      15000;20240812;    1;  3273.00;   571.00;  2327.00;   13.4;eor
      15000;20240813;    1;  3444.00;   540.00;  2029.00;   10.0;eor
      15000;20240814;    1;  3307.00;   654.00;   784.00;    1.6;eor
      15000;20240815;    1;  3070.00;   709.00;  2213.00;   11.8;eor
      15000;20240816;    1;  3302.00;   948.00;  1405.00;    4.7;eor
      15000;20240817;    1;  3424.00;  1024.00;  1362.00;    2.3;eor
      15000;20240818;    1;  3273.00;  1103.00;  1307.00;    3.7;eor
      15000;20240819;    1;  2867.00;  1032.00;  2108.00;   10.9;eor
      15000;20240820;    1;  3064.00;   975.00;  1976.00;   10.1;eor
      15000;20240821;    1;  2771.00;   934.00;  1965.00;   10.6;eor
      15000;20240822;    1;  2864.00;   664.00;  2107.00;   10.9;eor
      15000;20240823;    1;  3247.00;   690.00;  1381.00;    6.6;eor
      15000;20240824;    1;  3308.00;   486.00;  2064.00;   10.6;eor
      15000;20240825;    1;  2751.00;   693.00;  1762.00;    8.8;eor
      15000;20240826;    1;  2806.00;   704.00;  2003.00;    9.8;eor
      15000;20240827;    1;  2842.00;   412.00;  2210.00;   13.0;eor
      15000;20240828;    1;  3077.00;   324.00;  2206.00;   13.1;eor
      15000;20240829;    1;  3182.00;   703.00;  1700.00;    7.8;eor
      15000;20240830;    1;  3303.00;   888.00;   948.00;    0.9;eor
      15000;20240831;    1;  3120.00;   781.00;  1829.00;    9.1;eor
      15000;20240901;    1;  3252.00;   606.00;  1977.00;   11.3;eor
      15000;20240902;    1;  3299.00;   554.00;  1538.00;    8.6;eor
      15000;20240903;    1;  3379.00;   937.00;  1273.00;    4.1;eor
      15000;20240904;    1;  3236.00;   809.00;   872.00;    0.6;eor
      15000;20240905;    1;  3345.00;   614.00;  1109.00;    4.9;eor
      15000;20240906;    1;  3353.00;   401.00;   402.00;    0.0;eor
      15000;20240907;    1;  3199.00;   605.00;  1540.00;    7.3;eor
      15000;20240908;    1;  3048.00;   557.00;  1542.00;    7.5;eor
      15000;20240909;    1;  3168.00;   628.00;   673.00;    0.6;eor
      15000;20240910;    1;  3124.00;   798.00;   986.00;    2.3;eor
      15000;20240911;    1;  2843.00;   665.00;  1215.00;    5.2;eor
      15000;20240912;    1;     -999;   670.00;  1093.00;    4.1;eor
      15000;20240913;    1;     -999;   838.00;  1331.00;    5.1;eor
      15000;20240914;    1;     -999;   660.00;  1487.00;    9.8;eor
      15000;20240915;    1;  2794.00;   548.00;  1470.00;    8.2;eor
      15000;20240916;    1;  3104.00;   732.00;   947.00;    2.5;eor
      15000;20240917;    1;  3088.00;   547.00;   598.00;    1.0;eor
      15000;20240918;    1;  2983.00;   528.00;  1253.00;    7.0;eor
      15000;20240919;    1;  2828.00;   496.00;  1502.00;   10.1;eor
      15000;20240920;    1;  2697.00;   343.00;  1646.00;   11.7;eor
      15000;20240921;    1;  2834.00;   320.00;  1615.00;   11.5;eor
      15000;20240922;    1;  3025.00;   643.00;  1043.00;    4.8;eor
      15000;20240923;    1;  2951.00;   605.00;  1139.00;    4.9;eor
      15000;20240924;    1;  3123.00;   590.00;   800.00;    2.1;eor
      15000;20240925;    1;  3181.00;   429.00;   434.00;    0.0;eor
      15000;20240926;    1;  3070.00;   506.00;   578.00;    0.8;eor
      15000;20240927;    1;  2796.00;   499.00;  1054.00;    5.9;eor
      15000;20240928;    1;  2720.00;   601.00;  1025.00;    4.1;eor
      15000;20240929;    1;  2470.00;   631.00;  1120.00;    7.3;eor
      15000;20240930;    1;  3074.00;   652.00;   756.00;    1.8;eor
      15000;20241001;    1;  3029.00;   503.00;   526.00;    0.5;eor
      15000;20241002;    1;     -999;   416.00;   744.00;    4.1;eor
      15000;20241003;    1;  2887.00;   452.00;   519.00;    0.8;eor
      15000;20241004;    1;     -999;   502.00;  1050.00;    5.5;eor
      15000;20241005;    1;     -999;   273.00;  1160.00;   10.4;eor
      15000;20241006;    1;  2860.00;   533.00;   918.00;    6.3;eor
      15000;20241007;    1;  3168.00;   563.00;   828.00;    4.0;eor
      15000;20241008;    1;  2906.00;   559.00;   624.00;    1.7;eor
      15000;20241009;    1;  3202.00;   215.00;   217.00;    0.0;eor
      15000;20241010;    1;  3122.00;   410.00;   429.00;    0.2;eor
      15000;20241011;    1;  2549.00;   403.00;   985.00;    6.9;eor
      15000;20241012;    1;  2756.00;   515.00;   542.00;    0.4;eor
      15000;20241013;    1;     -999;   583.00;   778.00;    5.1;eor
      15000;20241014;    1;  2857.00;   359.00;   403.00;    0.8;eor
      15000;20241015;    1;  2913.00;   541.00;   786.00;    5.0;eor
      15000;20241016;    1;  3165.00;   474.00;   772.00;    5.3;eor
      15000;20241017;    1;  3192.00;   503.00;   559.00;    1.0;eor
      15000;20241018;    1;  3281.00;   303.00;   304.00;    0.0;eor
      15000;20241019;    1;  3076.00;   472.00;   582.00;    2.0;eor
      15000;20241020;    1;  3032.00;   516.00;   589.00;    1.3;eor
      15000;20241021;    1;  3307.00;   175.00;   176.00;    0.0;eor
      15000;20241022;    1;  2732.00;   296.00;   919.00;    9.0;eor
      15000;20241023;    1;     -999;   211.00;   972.00;    9.6;eor
      15000;20241024;    1;     -999;   231.00;   918.00;    8.7;eor
      15000;20241025;    1;  2929.00;   389.00;   823.00;    6.9;eor
      15000;20241026;    1;  2884.00;   338.00;   823.00;    6.4;eor
      15000;20241027;    1;  3252.00;   177.00;   177.00;    0.0;eor
      15000;20241028;    1;  3041.00;   419.00;   488.00;    1.3;eor
      15000;20241029;    1;  3089.00;   435.00;   469.00;    0.9;eor
      15000;20241030;    1;  3178.00;   285.00;   286.00;    0.0;eor
      15000;20241031;    1;  2618.00;   257.00;   786.00;    8.0;eor
      15000;20241101;    1;  3061.00;   158.00;   159.00;    0.0;eor
      15000;20241102;    1;     -999;   209.00;   210.00;    0.0;eor
      15000;20241103;    1;     -999;   219.00;   868.00;    8.6;eor
      15000;20241104;    1;     -999;   139.00;   836.00;    8.9;eor
      15000;20241105;    1;  2450.00;   169.00;   795.00;    8.4;eor
      15000;20241106;    1;  3039.00;   231.00;   231.00;    0.0;eor
      15000;20241107;    1;  2942.00;   186.00;   187.00;    0.0;eor
      15000;20241108;    1;  2865.00;   151.00;   151.00;    0.0;eor
      15000;20241109;    1;  2962.00;   215.00;   215.00;    0.0;eor
      15000;20241110;    1;  3084.00;   146.00;   146.00;    0.0;eor
      15000;20241111;    1;  2897.00;   193.00;   286.00;    1.8;eor
      15000;20241112;    1;  2944.00;   221.00;   246.00;    0.7;eor
      15000;20241113;    1;     -999;   298.00;   320.00;    0.5;eor
      15000;20241114;    1;  3025.00;   179.00;   179.00;    0.0;eor
      15000;20241115;    1;  2936.00;   176.00;   177.00;    0.0;eor
      15000;20241116;    1;  2862.00;   219.00;   219.00;    0.0;eor
      15000;20241117;    1;     -999;   185.00;   199.00;    0.2;eor
      15000;20241118;    1;  2827.00;   167.00;   168.00;    0.0;eor
      15000;20241119;    1;  2957.00;    66.00;    67.00;    0.0;eor
      15000;20241120;    1;     -999;   105.00;   111.00;    0.3;eor
      15000;20241121;    1;  2239.00;   257.00;   258.00;    0.0;eor
      15000;20241122;    1;     -999;   211.00;   302.00;    2.7;eor
      15000;20241123;    1;  2548.00;   182.00;   186.00;    0.0;eor
      15000;20241124;    1;  2800.00;   309.00;   437.00;    4.3;eor
      15000;20241125;    1;  2996.00;   165.00;   169.00;    0.0;eor
      15000;20241126;    1;  2646.00;   201.00;   411.00;    4.7;eor
      15000;20241127;    1;  2893.00;   199.00;   230.00;    0.7;eor
      15000;20241128;    1;  2645.00;   213.00;   376.00;    3.7;eor
      15000;20241129;    1;  2106.00;   104.00;   530.00;    7.3;eor
      15000;20241130;    1;  2107.00;   137.00;   509.00;    7.4;eor
      15000;20241201;    1;  2502.00;   157.00;   474.00;    6.4;eor
      15000;20241202;    1;  2897.00;   175.00;   234.00;    1.3;eor
      15000;20241203;    1;  2710.00;   229.00;   273.00;    1.3;eor
      15000;20241204;    1;  2652.00;   150.00;   150.00;    0.0;eor
      15000;20241205;    1;  2773.00;   120.00;   122.00;    0.0;eor
      15000;20241206;    1;  2754.00;   193.00;   231.00;    1.2;eor
      15000;20241207;    1;  2842.00;   158.00;   172.00;    0.4;eor
      15000;20241208;    1;  2763.00;   170.00;   199.00;    0.8;eor
      15000;20241209;    1;  2812.00;    54.00;    57.00;    0.0;eor
      15000;20241210;    1;  2866.00;    50.00;    50.00;    0.0;eor
      15000;20241211;    1;  2805.00;    66.00;    66.00;    0.0;eor
      15000;20241212;    1;  2725.00;    87.00;    87.00;    0.0;eor
      15000;20241213;    1;  2468.00;   130.00;   130.00;    0.1;eor
      15000;20241214;    1;  2763.00;    61.00;    61.00;    0.0;eor
      15000;20241215;    1;  2905.00;   121.00;   126.00;    0.6;eor
      15000;20241216;    1;  3083.00;    91.00;    91.00;    0.0;eor
      15000;20241217;    1;  2831.00;   144.00;   145.00;    0.1;eor
      15000;20241218;    1;  3034.00;   130.00;   131.00;    0.0;eor
      15000;20241219;    1;  2906.00;    48.00;    48.00;    0.0;eor
      15000;20241220;    1;  2599.00;   228.00;   255.00;    1.8;eor
      15000;20241221;    1;  2940.00;   133.00;   133.00;    0.0;eor
      15000;20241222;    1;  2680.00;    96.00;   101.00;    0.1;eor
      15000;20241223;    1;  2676.00;   203.00;   276.00;    2.0;eor
      15000;20241224;    1;  2803.00;   134.00;   134.00;    0.0;eor
      15000;20241225;    1;  3000.00;   165.00;   165.00;    0.0;eor
      15000;20241226;    1;  2660.00;   183.00;   196.00;    0.9;eor
      15000;20241227;    1;  2166.00;   140.00;   406.00;    7.2;eor
      15000;20241228;    1;  2155.00;   107.00;   441.00;    7.2;eor
      15000;20241229;    1;  2639.00;   104.00;   104.00;    0.0;eor
      15000;20241230;    1;  2745.00;   114.00;   114.00;    0.0;eor
      15000;20241231;    1;     -999;   137.00;   137.00;    0.0;eor
      15000;20250101;    1;  2729.00;   116.00;   116.00;    0.0;eor
      15000;20250102;    1;  2708.00;   150.00;   150.00;    0.0;eor
      15000;20250103;    1;  2571.00;   145.00;   358.00;    3.7;eor
      15000;20250104;    1;     -999;   253.00;   261.00;    0.1;eor
      15000;20250105;    1;  2980.00;    84.00;    84.00;    0.0;eor
      15000;20250106;    1;  2824.00;   176.00;   181.00;    0.2;eor
      15000;20250107;    1;  2681.00;   151.00;   159.00;    0.2;eor
      15000;20250108;    1;  2520.00;   199.00;   210.00;    0.5;eor
      15000;20250109;    1;  2595.00;   188.00;   191.00;    0.0;eor
      15000;20250110;    1;     -999;   194.00;   378.00;    3.7;eor
      15000;20250111;    1;  2669.00;   318.00;   318.00;    0.0;eor
      15000;20250112;    1;  2613.00;   293.00;   301.00;    0.2;eor
      15000;20250113;    1;  1855.00;   120.00;   580.00;    7.6;eor
      15000;20250114;    1;  2362.00;   254.00;   457.00;    4.1;eor
      15000;20250115;    1;  2854.00;   293.00;   294.00;    0.0;eor
      15000;20250116;    1;  2466.00;   235.00;   313.00;    2.3;eor
      15000;20250117;    1;  2517.00;   286.00;   287.00;    0.0;eor
      15000;20250118;    1;  2615.00;   190.00;   191.00;    0.0;eor
      15000;20250119;    1;  2600.00;   249.00;   249.00;    0.0;eor
      15000;20250120;    1;     -999;     -999;     -999;-999;eor
      15000;20250121;    1;     -999;   205.00;   624.00;    7.7;eor
      15000;20250122;    1;     -999;   181.00;   181.00;    0.0;eor
      15000;20250123;    1;     -999;   249.00;   292.00;    0.9;eor
      15000;20250124;    1;  2908.00;   188.00;   188.00;    0.0;eor
      15000;20250125;    1;  2965.00;   147.00;   147.00;    0.0;eor
      15000;20250126;    1;  2718.00;   275.00;   342.00;    1.3;eor
      15000;20250127;    1;  2655.00;   282.00;   391.00;    2.7;eor
      15000;20250128;    1;  2551.00;   273.00;   345.00;    2.0;eor
      15000;20250129;    1;  2790.00;   281.00;   299.00;    0.6;eor
      15000;20250130;    1;  2803.00;   124.00;   124.00;    0.0;eor
      15000;20250131;    1;  2231.00;   301.00;   551.00;    4.8;eor
      15000;20250201;    1;  1942.00;   138.00;   782.00;    8.6;eor
      15000;20250202;    1;  1963.00;   142.00;   794.00;    8.6;eor
      15000;20250203;    1;  2056.00;   186.00;   767.00;    8.7;eor
      15000;20250204;    1;  2123.00;   174.00;   797.00;    8.0;eor
      15000;20250205;    1;  2839.00;   221.00;   222.00;    0.0;eor
      15000;20250206;    1;  2729.00;   131.00;   132.00;    0.0;eor
      15000;20250207;    1;  2560.00;   207.00;   210.00;    0.0;eor
      15000;20250208;    1;  2517.00;   355.00;   537.00;    2.7;eor
      15000;20250209;    1;  2691.00;   330.00;   339.00;    0.1;eor
      15000;20250210;    1;     -999;   219.00;   219.00;    0.0;eor
      15000;20250211;    1;     -999;   331.00;   547.00;    2.4;eor
      15000;20250212;    1;  2523.00;   251.00;   585.00;    3.7;eor
      15000;20250213;    1;  2640.00;    88.00;    91.00;    0.0;eor
      15000;20250214;    1;  2519.00;   236.00;   236.00;    0.0;eor
      15000;20250215;    1;  2560.00;   304.00;   304.00;    0.0;eor
      15000;20250216;    1;  2177.00;   379.00;   957.00;    7.4;eor
      15000;20250217;    1;  1829.00;   184.00;  1071.00;    9.3;eor
      15000;20250218;    1;  1860.00;   218.00;  1087.00;    9.3;eor
      15000;20250219;    1;  2210.00;   472.00;   870.00;    7.1;eor
      15000;20250220;    1;     -999;   498.00;   575.00;    1.4;eor
      15000;20250221;    1;  2920.00;   475.00;   662.00;    3.5;eor
      15000;20250222;    1;  3014.00;   366.00;   370.00;    0.0;eor
      15000;20250223;    1;     -999;   290.00;  1115.00;    9.2;eor
      15000;20250224;    1;  2875.00;   353.00;   356.00;    0.0;eor
      15000;20250225;    1;     -999;     -999;     -999;-999;eor
      15000;20250226;    1;  2677.00;   418.00;   786.00;    3.9;eor
      15000;20250227;    1;  2722.00;   422.00;   604.00;    2.1;eor
      15000;20250228;    1;  2738.00;   342.00;   364.00;    0.4;eor
      15000;20250301;    1;     -999;   313.00;   314.00;    0.0;eor
      15000;20250302;    1;  2128.00;   267.00;  1303.00;   10.1;eor
      15000;20250303;    1;  2039.00;   196.00;  1400.00;   10.5;eor
      15000;20250304;    1;  2193.00;   309.00;  1336.00;   10.2;eor
      15000;20250305;    1;     -999;   215.00;  1384.00;   10.6;eor
      15000;20250306;    1;     -999;   357.00;  1336.00;   10.4;eor
      15000;20250307;    1;     -999;   385.00;  1314.00;   10.3;eor
      15000;20250308;    1;     -999;   318.00;  1374.00;   10.6;eor
      15000;20250309;    1;  2481.00;   388.00;  1359.00;   10.5;eor
      15000;20250310;    1;  2454.00;   402.00;  1289.00;    9.9;eor
      15000;20250311;    1;  2796.00;   254.00;   259.00;    0.0;eor
      15000;20250312;    1;     -999;   667.00;   864.00;    2.3;eor
      15000;20250313;    1;  2488.00;   651.00;   749.00;    1.1;eor
      15000;20250314;    1;  2477.00;   587.00;   882.00;    2.5;eor
      15000;20250315;    1;     -999;   681.00;  1098.00;    4.2;eor
      15000;20250316;    1;  2187.00;   522.00;  1500.00;   10.6;eor
      15000;20250317;    1;  2399.00;   538.00;  1125.00;    5.6;eor
      15000;20250318;    1;  1998.00;   209.00;  1760.00;   11.5;eor
      15000;20250319;    1;     -999;   260.00;  1638.00;   11.6;eor
      15000;20250320;    1;     -999;   277.00;  1682.00;   11.7;eor
      15000;20250321;    1;  2733.00;   665.00;  1476.00;    9.5;eor
      15000;20250322;    1;  2972.00;   707.00;   964.00;    2.9;eor
      15000;20250323;    1;  2860.00;   726.00;  1101.00;    3.4;eor
      15000;20250324;    1;  2738.00;   473.00;  1120.00;    4.4;eor
      15000;20250325;    1;     -999;   678.00;  1506.00;    6.3;eor
      15000;20250326;    1;  2935.00;   546.00;   557.00;    0.1;eor
      15000;20250327;    1;     -999;   352.00;  1887.00;   12.0;eor
      15000;20250328;    1;     -999;   405.00;  1852.00;   11.9;eor
      15000;20250329;    1;     -999;   521.00;  1688.00;    9.9;eor
      15000;20250330;    1;  2818.00;   580.00;   885.00;    2.6;eor
      15000;20250331;    1;  2591.00;   739.00;  1321.00;    5.1;eor
      15000;20250401;    1;     -999;   494.00;  1829.00;   11.5;eor
      15000;20250402;    1;     -999;   470.00;  1951.00;   12.2;eor
      15000;20250403;    1;     -999;   363.00;  2011.00;   12.2;eor
      15000;20250404;    1;  2470.00;   276.00;  2098.00;   12.6;eor
      15000;20250405;    1;     -999;   435.00;  2064.00;   12.5;eor
      15000;20250406;    1;  2126.00;   273.00;  2218.00;   12.7;eor
      15000;20250407;    1;  2125.00;   282.00;  2213.00;   12.8;eor
      15000;20250408;    1;     -999;   345.00;  2205.00;   12.8;eor
      15000;20250409;    1;     -999;   562.00;  2036.00;    9.9;eor
      15000;20250410;    1;     -999;   698.00;  1177.00;    4.9;eor
      15000;20250411;    1;     -999;   431.00;  2217.00;   12.7;eor
      15000;20250412;    1;  2677.00;   344.00;  2217.00;   12.1;eor
      15000;20250413;    1;  2951.00;   895.00;  1177.00;    3.1;eor
      15000;20250414;    1;  2651.00;   840.00;  1860.00;   10.6;eor
      15000;20250415;    1;  2826.00;   823.00;   974.00;    2.6;eor
      15000;20250416;    1;  3007.00;   457.00;   464.00;    0.0;eor
      15000;20250417;    1;  2946.00;   307.00;   314.00;    0.0;eor
      15000;20250418;    1;  2795.00;   808.00;  1639.00;    6.0;eor
      15000;20250419;    1;  2596.00;   740.00;  2140.00;   10.6;eor
      15000;20250420;    1;     -999;   558.00;  1474.00;    6.8;eor
      15000;20250421;    1;  2737.00;   724.00;  1028.00;    4.1;eor
      15000;20250422;    1;  2846.00;   931.00;  1818.00;    6.7;eor
      15000;20250423;    1;  3011.00;   654.00;   701.00;    0.4;eor
      15000;20250424;    1;  3054.00;   449.00;   460.00;    0.0;eor
      15000;20250425;    1;     -999;   761.00;   840.00;    1.7;eor
      15000;20250426;    1;     -999;   544.00;  2444.00;   11.9;eor
      15000;20250427;    1;  2560.00;   516.00;  2523.00;   14.0;eor
      15000;20250428;    1;  2535.00;   405.00;  2584.00;   14.0;eor
      15000;20250429;    1;  2546.00;   408.00;  2646.00;   13.9;eor
      15000;20250430;    1;  2725.00;   438.00;  2580.00;   14.1;eor
      15000;20250501;    1;  2792.00;   393.00;  2596.00;   13.6;eor
      15000;20250502;    1;  2956.00;   797.00;  2414.00;   13.4;eor
      15000;20250503;    1;  3053.00;   900.00;  1113.00;    2.0;eor
      15000;20250504;    1;     -999;   934.00;  1183.00;    3.2;eor
      15000;20250505;    1;  2621.00;  1155.00;  1544.00;    4.1;eor
      15000;20250506;    1;  2550.00;   816.00;  2387.00;   10.8;eor
      15000;20250507;    1;  2772.00;  1198.00;  1855.00;    6.1;eor
      15000;20250508;    1;  2454.00;   740.00;  2556.00;   12.6;eor
      15000;20250509;    1;     -999;   392.00;  2809.00;   14.6;eor
      15000;20250510;    1;     -999;   341.00;  2814.00;   14.7;eor
      15000;20250511;    1;     -999;   341.00;  2821.00;   14.8;eor
      15000;20250512;    1;  2652.00;   359.00;  2878.00;   14.8;eor
      15000;20250513;    1;  2574.00;   346.00;  2932.00;   14.9;eor
      15000;20250514;    1;  2620.00;   694.00;  2714.00;   14.9;eor
      15000;20250515;    1;  2717.00;   777.00;  2234.00;    9.3;eor
      15000;20250516;    1;     -999;   438.00;  2867.00;   14.3;eor
      15000;20250517;    1;  2746.00;  1119.00;  2006.00;    7.2;eor
      15000;20250518;    1;  2841.00;   811.00;  1398.00;    5.0;eor
      15000;20250519;    1;  2577.00;   568.00;  2874.00;   14.5;eor
      15000;20250520;    1;  2756.00;   862.00;  2492.00;    9.8;eor
      15000;20250521;    1;  2791.00;  1300.00;  2147.00;    8.6;eor
      15000;20250522;    1;  2653.00;  1054.00;  1877.00;    6.4;eor
      15000;20250523;    1;     -999;  1182.00;  2205.00;    8.5;eor
      15000;20250524;    1;  2955.00;  1028.00;  1095.00;    0.8;eor
      15000;20250525;    1;  3111.00;   978.00;  1688.00;    5.5;eor
      15000;20250526;    1;  2888.00;  1274.00;  1889.00;    6.0;eor
      15000;20250527;    1;  3175.00;  1103.00;  1214.00;    0.9;eor
      15000;20250528;    1;  3144.00;   895.00;  1548.00;    3.8;eor
      15000;20250529;    1;  3087.00;  1183.00;  1298.00;    1.9;eor
      15000;20250530;    1;  2995.00;   958.00;  2335.00;   11.6;eor
      15000;20250531;    1;  3220.00;  1271.00;  2300.00;    9.6;eor
      15000;20250601;    1;  3181.00;  1383.00;  1909.00;    5.0;eor
      15000;20250602;    1;  2745.00;  1044.00;  2466.00;    9.7;eor
      15000;20250603;    1;  2780.00;  1187.00;  2552.00;   11.3;eor
      15000;20250604;    1;     -999;     -999;     -999;-999;eor
      15000;20250605;    1;  3091.00;  1311.00;  1459.00;    1.3;eor
      15000;20250606;    1;  3101.00;  1235.00;  1939.00;    5.4;eor
      15000;20250607;    1;  3108.00;  1127.00;  1422.00;    2.3;eor
      15000;20250608;    1;  2813.00;  1172.00;  1690.00;    5.8;eor
      15000;20250609;    1;     -999;  1434.00;  2273.00;    9.3;eor
      15000;20250610;    1;  3053.00;  1373.00;  1627.00;    2.4;eor
      15000;20250611;    1;  2619.00;   757.00;  2939.00;   15.1;eor
      15000;20250612;    1;  2910.00;   733.00;  2952.00;   15.0;eor
      15000;20250613;    1;  3302.00;   940.00;  2755.00;   14.4;eor
      15000;20250614;    1;  3364.00;  1042.00;  2077.00;    8.8;eor
      15000;20250615;    1;  3162.00;  1400.00;  1879.00;    5.3;eor
      15000;20250616;    1;  2899.00;     -999;     -999;-999;eor
      15000;20250617;    1;  2982.00;     -999;     -999;-999;eor
      15000;20250618;    1;  2991.00;     -999;     -999;-999;eor
      15000;20250619;    1;  2897.00;   536.00;  3132.00;   15.7;eor
      15000;20250620;    1;  2797.00;   618.00;  3041.00;   13.9;eor
      15000;20250621;    1;  2921.00;   563.00;  3068.00;   15.5;eor
      15000;20250622;    1;  3158.00;  1173.00;  2492.00;   12.7;eor
      15000;20250623;    1;  3054.00;  1118.00;  2045.00;    6.1;eor
      15000;20250624;    1;  3092.00;  1086.00;  2078.00;    7.3;eor
      15000;20250625;    1;     -999;     -999;     -999;-999;eor
      15000;20250626;    1;  3323.00;  1048.00;  1305.00;    2.4;eor
      15000;20250627;    1;  3171.00;  1223.00;  1801.00;    4.5;eor
      15000;20250628;    1;  3144.00;   807.00;  2708.00;   11.5;eor
      15000;20250629;    1;  3126.00;   623.00;  2857.00;   14.6;eor
      15000;20250630;    1;  3155.00;   452.00;  3009.00;   15.7;eor
      15000;20250701;    1;  3364.00;   535.00;  2956.00;   15.2;eor
      15000;20250702;    1;     -999;     -999;     -999;-999;eor
      15000;20250703;    1;  2778.00;   712.00;  2999.00;   14.2;eor
      15000;20250704;    1;  2741.00;   702.00;  2942.00;   15.4;eor
      15000;20250705;    1;  3037.00;  1245.00;  2268.00;    6.4;eor
      15000;20250706;    1;  3273.00;   619.00;   632.00;    0.0;eor
      15000;20250707;    1;  3124.00;   767.00;   859.00;    1.0;eor
      15000;20250708;    1;  2870.00;  1022.00;  1975.00;    5.9;eor
      15000;20250709;    1;  2874.00;   968.00;  2537.00;   10.9;eor
      15000;20250710;    1;  2918.00;   862.00;  2668.00;   12.3;eor
      15000;20250711;    1;  3157.00;  1185.00;  1425.00;    3.7;eor
      15000;20250712;    1;  3116.00;  1064.00;  1862.00;    6.7;eor
      15000;20250713;    1;  3092.00;  1145.00;  2513.00;    9.8;eor
      15000;20250714;    1;  3205.00;  1167.00;  1589.00;    4.2;eor
      15000;20250715;    1;  2990.00;  1041.00;  2235.00;    8.4;eor
      15000;20250716;    1;  3102.00;  1075.00;  1529.00;    3.2;eor
      15000;20250717;    1;  2883.00;   813.00;  2559.00;   10.7;eor
      15000;20250718;    1;  3014.00;  1147.00;  2543.00;   14.1;eor
      15000;20250719;    1;  3257.00;  1080.00;  1752.00;    7.8;eor
      15000;20250720;    1;  3247.00;  1073.00;  1711.00;    5.4;eor
      15000;20250721;    1;  3054.00;   972.00;  2150.00;    9.0;eor
      15000;20250722;    1;  3139.00;   980.00;  1783.00;    7.3;eor
      15000;20250723;    1;  3009.00;   936.00;  2407.00;   11.0;eor
      15000;20250724;    1;  3183.00;  1044.00;  1114.00;    0.8;eor
      15000;20250725;    1;  3170.00;  1119.00;  2175.00;    7.6;eor
      15000;20250726;    1;  3184.00;  1342.00;  2139.00;    6.5;eor
      15000;20250727;    1;  3284.00;  1157.00;  1340.00;    1.7;eor
      15000;20250728;    1;  3061.00;  1053.00;  1422.00;    4.0;eor
      15000;20250729;    1;     -999;     -999;     -999;-999;eor
      15000;20250730;    1;  2977.00;  1125.00;  2010.00;    8.2;eor
      15000;20250731;    1;  3282.00;  1000.00;  1246.00;    2.2;eor
      15000;20250801;    1;  3073.00;   988.00;  1667.00;    5.2;eor
      15000;20250802;    1;  3144.00;   894.00;  1068.00;    2.0;eor
      15000;20250803;    1;  3078.00;  1004.00;  2136.00;    8.5;eor
      15000;20250804;    1;  3388.00;  1064.00;  1871.00;    4.4;eor
      15000;20250805;    1;  2938.00;   972.00;  2000.00;    8.2;eor
      15000;20250806;    1;  2766.00;   992.00;  2312.00;   12.1;eor
      15000;20250807;    1;  3111.00;   886.00;  2171.00;    7.0;eor
      15000;20250808;    1;  3192.00;  1325.00;  1516.00;    2.5;eor
      15000;20250809;    1;  2939.00;   694.00;  2370.00;   10.9;eor
      15000;20250810;    1;  2809.00;   518.00;  2566.00;   14.1;eor
      15000;20250811;    1;  2865.00;   355.00;  2582.00;   14.1;eor
      15000;20250812;    1;  3164.00;   730.00;  2279.00;   13.2;eor
      15000;20250813;    1;  3191.00;   714.00;  2256.00;   11.4;eor
      15000;20250814;    1;  3374.00;   967.00;  1795.00;    7.9;eor
      15000;20250815;    1;  3106.00;   732.00;  2250.00;   10.6;eor
      15000;20250816;    1;  3357.00;   475.00;   488.00;    0.0;eor
      15000;20250817;    1;  2992.00;   801.00;  2147.00;    9.6;eor
      15000;20250818;    1;  2922.00;   457.00;  2448.00;   13.7;eor
      15000;20250819;    1;  2988.00;   562.00;  2225.00;   12.3;eor
      15000;20250820;    1;  3024.00;   859.00;  1583.00;    6.6;eor
      15000;20250821;    1;  2840.00;   809.00;  1892.00;    8.9;eor
      15000;20250822;    1;  2946.00;   885.00;   927.00;    0.1;eor
      15000;20250823;    1;  2990.00;   796.00;   944.00;    1.6;eor
      15000;20250824;    1;  2630.00;   574.00;  2170.00;   11.3;eor
      15000;20250825;    1;  2679.00;   520.00;  2154.00;   13.2;eor
      15000;20250826;    1;  2989.00;   769.00;  1717.00;    8.1;eor
      15000;20250827;    1;  3204.00;   874.00;  1506.00;    5.8;eor
      15000;20250828;    1;  3147.00;   990.00;  1364.00;    4.9;eor
      15000;20250829;    1;  2939.00;   778.00;  1386.00;    6.2;eor
      15000;20250830;    1;  2882.00;   711.00;  1723.00;    9.2;eor
      15000;20250831;    1;  3334.00;   846.00;  1255.00;    2.9;eor
      15000;20250901;    1;  3037.00;   752.00;  1493.00;    6.1;eor
      15000;20250902;    1;  2842.00;   545.00;  1801.00;    8.4;eor
      15000;20250903;    1;  3202.00;   945.00;  1433.00;    5.2;eor
      15000;20250904;    1;  3072.00;   770.00;  1529.00;    6.2;eor
      15000;20250905;    1;  2832.00;   707.00;  1645.00;    8.1;eor
      15000;20250906;    1;  2775.00;   608.00;  1765.00;   10.5;eor
      15000;20250907;    1;  2858.00;   339.00;  2033.00;   12.3;eor
      15000;20250908;    1;  3273.00;   769.00;  1178.00;    3.5;eor
      15000;20250909;    1;  3132.00;   448.00;   459.00;    0.0;eor
      15000;20250910;    1;  2766.00;   519.00;  1830.00;    9.4;eor
      15000;20250911;    1;  3055.00;   637.00;  1306.00;    5.2;eor
      15000;20250912;    1;  2687.00;   648.00;  1425.00;    8.2;eor
      15000;20250913;    1;  2878.00;   705.00;  1290.00;    5.2;eor
      15000;20250914;    1;  2914.00;   555.00;  1633.00;    8.8;eor
      15000;20250915;    1;  2998.00;   605.00;  1489.00;    7.4;eor
      15000;20250916;    1;  2810.00;   664.00;  1328.00;    6.2;eor
      15000;20250917;    1;  3025.00;   885.00;  1027.00;    2.7;eor
      15000;20250918;    1;  3020.00;   617.00;   950.00;    4.2;eor
      15000;20250919;    1;  2834.00;   290.00;  1747.00;   11.8;eor
      15000;20250920;    1;  3307.00;   812.00;  1072.00;    3.2;eor
      15000;20250921;    1;  3056.00;   631.00;   666.00;    0.3;eor
      15000;20250922;    1;  2787.00;   538.00;   970.00;    4.3;eor
      15000;20250923;    1;  2823.00;   644.00;  1100.00;    5.3;eor
      15000;20250924;    1;  2751.00;   606.00;   621.00;    0.1;eor
      15000;20250925;    1;  3009.00;   201.00;   201.00;    0.0;eor
      15000;20250926;    1;  2907.00;   671.00;  1171.00;    5.8;eor
      15000;20250927;    1;  2841.00;   659.00;  1073.00;    5.0;eor
      15000;20250928;    1;  2685.00;   414.00;  1281.00;    7.0;eor
      15000;20250929;    1;  3015.00;   623.00;   888.00;    2.4;eor
      15000;20250930;    1;  2766.00;   649.00;  1028.00;    5.0;eor
